Mass = [1000:100:2500];

DP = [7.671,7.849,8.031,8.360,8.591,8.760,9.037,9.280,9.562,9.755,10.117,10.447,10.828,11.128,11.409,11.714];

Sim = [8.623,8.952,9.293,9.56,9.9,10.282,10.652,11.062,11.458,11.806,12.129,12.414,12.737,13.114,13.559,13.929];

N_DP = [24,24,24,26,27,27,32,32,31,31,29,30,31,31,31,32];

N_Sim = [58,59,59,61,65,64,64,64,63,63,63,63,63,63,63,63];

T_Sim = [89,88,87,86.4,84.73,83.95,83.11,82.23,81.44,80.3,79.86,79.1,78.56,78.19,77.61,77];

we_Sim = [1388,1397,1407,1422,1410,1426.37,1437.6,1447.35,1458.19,1468.75,1480,1490.24,1503.3,1521,1533.5,1545];

Highest_gear = [6,6,6,6,6,6,6,6,6,6,5,5,5,5,5,5];

